Sheet 1 - customer nodes

num	n	Grid	%TW	Tightness	Dist
1	20	5	25	30	R
2	20	5	100	30	R
3	20	5	25	120	R
4	20	5	100	120	R
5	20	10	25	30	R
6	20	10	100	30	R
7	20	10	25	120	R
8	20	10	100	120	R
9	20	5	25	30	C
10	20	5	100	30	C
11	20	5	25	120	C
12	20	5	100	120	C
13	20	10	25	30	C
14	20	10	100	30	C
15	20	10	25	120	C
16	20	10	100	120	C
17	20	5	25	30	RC
18	20	5	100	30	RC
19	20	5	25	120	RC
20	20	5	100	120	RC
21	20	10	25	30	RC
22	20	10	100	30	RC
23	20	10	25	120	RC
24	20	10	100	120	RC
25	50	5	25	30	R
26	50	5	100	30	R
27	50	5	25	120	R
28	50	5	100	120	R
29	50	10	25	30	R
30	50	10	100	30	R
31	50	10	25	120	R
32	50	10	100	120	R
33	50	5	25	30	C
34	50	5	100	30	C
35	50	5	25	120	C
36	50	5	100	120	C
37	50	10	25	30	C
38	50	10	100	30	C
39	50	10	25	120	C
40	50	10	100	120	C
41	50	5	25	30	RC
42	50	5	100	30	RC
43	50	5	25	120	RC
44	50	5	100	120	RC
45	50	10	25	30	RC
46	50	10	100	30	RC
47	50	10	25	120	RC
48	50	10	100	120	RC

Sheet 2 - focal points